((((Pelecanoides_urinatrix:0.0235188,Calonectris_borealis:0.0147531)birdAnc274:0.00191839,Fulmarus_glacialis:0.0200138)birdAnc275:0.0158454,Hydrobates_tethys:0.0352207)birdAnc276:0.0022129);

birdAnc361: 0.0132527
Ppuf:0.0015004
birdAnc362:
Pyel:0.0000738

Pmau:0.0000738
